0.0
0.0
0.0
0.0
0.0
0.0
0.0
0.0
0.0
0.0
0.0
0.0
0.0
0.0
0.0
0.0
0.0
0.0
0.0
0.0
0.09000000171363354
0.09000000171363354
0.10000000149011612
0.09000000171363354
0.09000000171363354
0.10000000149011612
0.0
0.0
0.0
0.0
0.0
0.0
0.0
0.0
0.0
0.0
0.0
0.0
0.09000000171363354
0.09000000171363354
0.09000000171363354
0.0
0.09000000171363354
0.0
0.09000000171363354
0.0
0.0
0.0
0.0
0.0
0.0
0.0
0.0
0.10000000149011612
0.0
0.10000000149011612
0.0
0.0
0.09000000171363354
0.10000000149011612
0.0
0.0
0.09000000171363354
0.10000000149011612
0.10000000149011612
0.0
0.10000000149011612
0.09000000171363354
0.09000000171363354
0.10000000149011612
0.0
0.0
0.0
0.10000000149011612
0.09000000171363354
0.10000000149011612
0.10000000149011612
0.10000000149011612
0.09000000171363354
0.20000000298023224
0.10000000149011612
0.0
0.0
0.0
0.0
0.0
0.0
0.0
0.09000000171363354
0.0
0.10000000149011612
0.19000000320374966
0.09000000171363354
0.09000000171363354
0.10000000149011612
0.10000000149011612
0.10000000149011612
0.10000000149011612
0.10000000149011612
0.10000000149011612
0.0
0.10000000149011612
0.0
0.09000000171363354
0.10000000149011612
0.10000000149011612
0.10000000149011612
0.0
0.10000000149011612
0.10000000149011612
0.10000000149011612
0.0
0.10000000149011612
0.10000000149011612
0.09000000171363354
0.09000000171363354
0.10000000149011612
0.10000000149011612
0.10000000149011612
0.10000000149011612
0.10000000149011612
0.10000000149011612
0.10000000149011612
0.0
0.10000000149011612
0.10000000149011612
0.10000000149011612
0.10000000149011612
0.10000000149011612
0.20000000298023224
0.0
0.10000000149011612
0.10000000149011612
0.0
0.10000000149011612
0.09000000171363354
0.10000000149011612
0.10000000149011612
0.0
0.10000000149011612
0.20000000298023224
0.0
0.09000000171363354
0.10000000149011612
0.10000000149011612
0.10000000149011612
0.20000000298023224
0.10000000149011612
0.0
0.19000000320374966
0.20000000298023224
0.09000000171363354
0.20000000298023224
0.09000000171363354
0.20000000298023224
0.09000000171363354
0.09000000357627869
0.10000000149011612
0.10000000149011612
0.19000000320374966
0.0
0.19000000320374966
0.09000000171363354
0.10000000149011612
0.0
0.0
0.0
0.09000000171363354
0.09000000171363354
0.0
0.0
0.0
0.0
0.0
0.09000000171363354
0.19000000320374966
0.0
0.0
0.09000000171363354
0.09000000171363354
0.10000000149011612
0.10000000149011612
0.10000000149011612
0.09000000171363354
0.10000000149011612
0.10000000149011612
0.0
0.10000000149011612
0.0
0.10000000149011612
0.09000000171363354
0.09000000171363354
0.10000000149011612
0.09000000171363354
0.10000000149011612
0.10000000149011612
0.0
0.0
0.0
0.0
0.0
0.10000000149011612
0.10000000149011612
0.09000000171363354
0.10000000149011612
0.10000000149011612
0.0
0.10000000149011612
0.10000000149011612
0.0
0.20000000298023224
0.10000000149011612
0.10000000149011612
0.10000000149011612
0.10000000149011612
0.10000000149011612
0.10000000149011612
0.10000000149011612
0.10000000149011612
0.0
0.20000000298023224
0.0
0.10000000149011612
0.10000000149011612
0.10000000149011612
0.10000000149011612
0.20000000298023224
0.10000000149011612
0.10000000149011612
0.10000000149011612
0.0
0.30000000447034836
0.0
0.10000000149011612
0.10000000149011612
0.20000000298023224
0.20000000298023224
0.10000000149011612
0.10000000149011612
0.10000000149011612
0.20000000298023224
0.20000000298023224
0.10000000149011612
0.09000000171363354
0.20000000298023224
0.6000000089406967
0.5900000091642141
0.19000000320374966
0.10000000149011612
0.10000000149011612
0.10000000149011612
0.20000000298023224
0.10000000149011612
0.10000000149011612
0.10000000149011612
0.30000000447034836
0.3900000061839819
0.20000000298023224
0.20000000298023224
0.20000000298023224
0.10000000149011612
0.30000000447034836
0.30000000447034836
0.20000000298023224
0.09000000171363354
0.10000000149011612
0.10000000149011612
0.4000000059604645
0.4000000059604645
0.3900000061839819
0.10000000149011612
0.6000000089406967
0.20000000298023224
0.10000000149011612
0.5000000074505806
0.2900000046938658
0.20000000298023224
0.1900000050663948
0.10000000149011612
0.20000000298023224
0.20000000298023224
0.20000000298023224
0.10000000149011612
0.19000000320374966
0.20000000298023224
0.4000000059604645
0.20000000298023224
0.10000000149011612
0.0
0.10000000149011612
0.20000000298023224
0.20000000298023224
0.20000000298023224
0.20000000298023224
0.4000000059604645
0.490000007674098
0.20000000298023224
0.4000000059604645
0.10000000149011612
0.0
0.10000000149011612
0.10000000149011612
0.30000000447034836
0.10000000149011612
0.20000000298023224
0.19000000320374966
0.20000000298023224
0.10000000149011612
0.20000000298023224
0.30000000447034836
0.20000000298023224
0.10000000149011612
0.30000000447034836
0.6000000089406967
0.2900000065565109
0.10000000149011612
0.20000000298023224
0.5000000074505806
0.5000000074505806
0.20000000298023224
0.10000000149011612
0.3900000061839819
0.20000000298023224
0.20000000298023224
0.20000000298023224
0.10000000149011612
0.10000000149011612
0.5000000074505806
0.2900000046938658
0.0
0.10000000149011612
0.10000000149011612
0.10000000149011612
0.10000000149011612
0.3900000061839819
0.0
0.10000000149011612
0.30000000447034836
0.10000000149011612
0.20000000298023224
0.30000000447034836
0.10000000149011612
0.5000000074505806
0.4000000059604645
0.20000000298023224
0.20000000298023224
0.20000000298023224
0.10000000149011612
0.10000000149011612
0.1900000050663948
0.0
0.10000000149011612
0.19000000320374966
0.20000000298023224
0.09000000171363354
0.20000000298023224
0.10000000149011612
0.20000000298023224
0.10000000149011612
0.19000000320374966
0.19000000320374966
0.20000000298023224
0.10000000149011612
0.10000000149011612
0.09000000171363354
0.30000000447034836
0.20000000298023224
0.5000000074505806
0.30000000447034836
0.4000000059604645
0.10000000149011612
0.19000000320374966
0.30000000447034836
0.20000000298023224
0.3900000061839819
1.2000000178813934
0.30000000447034836
0.4000000059604645
0.800000011920929
1.1000000163912773
0.30000000447034836
0.4000000059604645
0.10000000149011612
0.5000000074505806
0.800000011920929
0.10000000149011612
0.4000000059604645
0.10000000149011612
0.10000000149011612
0.0
0.09000000171363354
0.20000000298023224
0.7000000104308128
0.4000000059604645
0.10000000149011612
0.20000000298023224
0.10000000149011612
0.30000000447034836
0.30000000447034836
0.4000000059604645
0.10000000149011612
1.0000000149011612
0.30000000447034836
1.0000000149011612
0.9000000134110451
0.20000000298023224
0.20000000298023224
0.10000000149011612
0.30000000447034836
0.7000000104308128
2.7000000402331352
0.0
0.30000000447034836
0.10000000149011612
2.600000038743019
0.7000000104308128
2.600000038743019
0.20000000298023224
1.0000000149011612
0.10000000149011612
0.10000000149011612
0.20000000298023224
0.09000000171363354
2.0000000298023224
0.10000000149011612
1.700000025331974
0.20000000298023224
0.09000000171363354
2.500000037252903
2.600000038743019
2.7000000402331352
2.7000000402331352
0.0
2.600000038743019
